> players
id                name             ping snap updt posi dist 
76561198156273569 SA@Neoxa         51        1         0    
76561198046491561 Rechrak          32        0         0    
76561199232389472 KIKO #NEOXA      219       0         0    
76561199353687448 Шиншилла=рампа.. 55        0         0    
76561198413727346 [N.E.E.T]Katan.. 30        1         0    
76561199356306968 Fatal1ty         94        0         0    
76561198337537927 RIKKY.Neoxa      238       0         0    
76561199380714840 TT               47        0         0    
76561198977679718 ᓥ❀Zero_Two❀ᓨ     234       0         0    
76561197988870899 ViNu             39        1         0    
76561198998524751 So This Was Yo.. 83        0         0    
76561199068150149 Tugboat Manage.. 30        1         0    
76561198017310413 zUKMAN           49        0         0    
76561198812209325 P A N I C        138       1         0    
76561198894627482 pchy.p0720       286       0         0    
76561199114934950 Relikt           51        0         0    
76561199565035397 HACKER?          235       1         0    
76561198122919332 Kent             94        1         0    
76561198854233525 Justice4All      5859      0         0    
76561198394747994 famousjonny      173       0         0    
76561198283384400 SeauS@NEOXA      43        0         0    
76561199046655531 TURBO DIESEL 1.. 40        2         0    
76561198840613979 FAT              39        0         0    
76561198257831014 Quintenos Neox.. 31        0         0    
76561198243424584 ==DRON========.. 87        0         0    
76561198849511770 Ulf              142       0         0    
76561198989028811 SerussNeoxa| b.. 60        0         0    
76561199502025275 akkame08.Neoxa.. 224       2         0    
76561198368041675 HODL_ON          327       1         0    
76561198831402154 Pisstoletto      60        1         0    
76561199029780230 [Neoxa.net] Af.. 40        0         0    
76561198956982991 Benz @Neoxa      94        0         0    
76561199525024775 m1XXez           49        1         0    
76561199433580613 Fako bandit.ca.. 69        1         0    
76561199265727937 🅴🆉🆉🅽🅾🅾🅱.. 55        2         0    
76561199232941732 F4PoTaTo@neoxa.. 50        0         0    
76561199229219388 LORD             68        1         0    
76561198416243042 ВеликийХари@Ne.. 88        1         0    
76561199403037760 Ying#Neoxa       35        1         0    
76561198409862011 Dark Life        34        1         0    
76561198173611098 JONNY CAPI ETE.. 222       1         0    
76561198998301249 FAIL ^{$}Neoxa.. 47        0         0    
76561199233325511 Hi               14        1         0    
76561198257202854 Azharell | Neo.. 36        0         0    
